9.5
10.733333333333333
11.866666666666667
16.766666666666666
14.233333333333333
19.666666666666668
45.93333333333333
63.666666666666664
82.8
97.23333333333333
108.93333333333334
135.26666666666668
173.96666666666667
179.26666666666668
191.63333333333333
194.8
194.26666666666668
196.63333333333333
197.46666666666667
199.06666666666666
196.46666666666667
191.83333333333334
189.6
179.76666666666668
171.83333333333334
168.1
159.03333333333333
151.4
146.13333333333333
134.46666666666667
130.5
125.46666666666667
126.46666666666667
128.6
136.0
140.13333333333333
135.43333333333334
110.2
120.03333333333333
121.43333333333334
144.33333333333334
138.06666666666666
123.86666666666666
114.06666666666666
113.2
129.63333333333333
144.23333333333332
145.1
138.06666666666666
139.96666666666667
138.73333333333332
139.3
144.9
135.16666666666666
135.63333333333333
136.43333333333334
140.3
158.33333333333334
173.3
192.46666666666667
199.63333333333333
200.0
200.0
199.56666666666666
199.6
199.23333333333332
200.0
200.0
200.0
200.0
200.0
200.0
197.76666666666668
195.36666666666667
186.03333333333333
200.0
200.0
200.0
200.0
200.0
200.0
195.1
194.16666666666666
200.0
191.16666666666666
189.33333333333334
200.0
200.0
200.0
200.0
200.0
200.0
200.0
195.4
191.03333333333333
199.96666666666667
200.0
190.16666666666666
200.0
