9.633333333333333
10.333333333333334
11.266666666666667
13.366666666666667
16.666666666666668
29.866666666666667
81.56666666666666
115.66666666666667
144.63333333333333
166.76666666666668
180.7
185.56666666666666
192.33333333333334
189.0
196.9
171.93333333333334
132.73333333333332
127.13333333333334
66.8
68.96666666666667
109.26666666666667
87.23333333333333
115.1
112.53333333333333
97.23333333333333
105.56666666666666
92.13333333333334
100.8
110.1
108.0
115.13333333333334
108.26666666666667
111.26666666666667
115.76666666666667
124.56666666666666
132.3
123.36666666666666
122.7
110.73333333333333
120.1
111.7
123.3
132.83333333333334
165.0
168.1
179.0
186.53333333333333
185.06666666666666
191.3
187.16666666666666
190.76666666666668
195.16666666666666
200.0
200.0
200.0
194.36666666666667
200.0
198.76666666666668
200.0
200.0
200.0
200.0
200.0
200.0
194.93333333333334
200.0
200.0
200.0
200.0
200.0
200.0
197.26666666666668
192.03333333333333
196.26666666666668
187.56666666666666
200.0
200.0
200.0
195.73333333333332
199.8
200.0
200.0
196.1
200.0
200.0
200.0
200.0
200.0
200.0
200.0
200.0
200.0
200.0
200.0
200.0
200.0
200.0
200.0
200.0
