11.1
14.566666666666666
23.466666666666665
49.36666666666667
97.4
131.16666666666666
162.86666666666667
177.76666666666668
184.6
188.3
188.33333333333334
195.06666666666666
194.8
200.0
200.0
200.0
200.0
199.23333333333332
200.0
199.3
196.96666666666667
187.03333333333333
176.93333333333334
160.86666666666667
155.96666666666667
148.73333333333332
144.3
136.23333333333332
133.3
126.76666666666667
119.23333333333333
118.43333333333334
112.7
127.33333333333333
120.76666666666667
129.16666666666666
128.73333333333332
126.43333333333334
113.76666666666667
119.96666666666667
135.56666666666666
124.76666666666667
137.13333333333333
133.6
117.96666666666667
119.93333333333334
112.73333333333333
115.9
122.16666666666667
138.93333333333334
136.13333333333333
158.6
149.46666666666667
159.83333333333334
164.03333333333333
153.6
151.9
136.46666666666667
139.76666666666668
149.6
185.86666666666667
197.6
200.0
200.0
200.0
190.76666666666668
186.3
180.86666666666667
182.0
183.8
188.9
192.53333333333333
192.63333333333333
178.33333333333334
200.0
200.0
190.4
181.6
166.83333333333334
156.7
165.53333333333333
179.16666666666666
192.26666666666668
200.0
199.83333333333334
200.0
187.7
173.73333333333332
192.8
191.83333333333334
197.36666666666667
200.0
200.0
200.0
200.0
200.0
200.0
200.0
200.0
