9.233333333333333
9.833333333333334
10.666666666666666
12.766666666666667
12.633333333333333
11.7
14.833333333333334
60.8
75.2
89.0
79.83333333333333
97.63333333333334
150.2
162.83333333333334
174.46666666666667
192.13333333333333
197.8
195.76666666666668
197.33333333333334
196.53333333333333
197.33333333333334
197.16666666666666
198.43333333333334
199.7
199.96666666666667
200.0
200.0
200.0
200.0
193.66666666666666
189.23333333333332
168.23333333333332
152.4
124.7
116.0
84.56666666666666
103.7
101.83333333333333
98.2
142.23333333333332
163.13333333333333
167.5
162.33333333333334
150.5
135.13333333333333
143.83333333333334
149.46666666666667
152.2
150.1
133.9
140.66666666666666
138.43333333333334
140.66666666666666
162.1
164.16666666666666
142.3
140.53333333333333
144.23333333333332
163.46666666666667
184.1
189.53333333333333
180.6
194.6
196.46666666666667
200.0
200.0
200.0
196.5
200.0
200.0
200.0
186.73333333333332
192.86666666666667
170.5
141.43333333333334
177.26666666666668
200.0
200.0
200.0
194.66666666666666
185.4
182.66666666666666
194.63333333333333
200.0
200.0
200.0
200.0
200.0
191.3
195.5
170.66666666666666
164.46666666666667
181.83333333333334
9.6
10.866666666666667
11.4
10.7
13.733333333333333
59.4
117.7
141.13333333333333
163.7
172.33333333333334
172.13333333333333
189.26666666666668
186.6
186.36666666666667
191.36666666666667
192.4
195.86666666666667
194.86666666666667
194.76666666666668
193.93333333333334
194.33333333333334
193.63333333333333
193.53333333333333
193.26666666666668
194.6
195.9
196.76666666666668
193.73333333333332
190.0
169.8
165.43333333333334
149.8
144.1
123.26666666666667
89.73333333333333
101.4
93.23333333333333
117.93333333333334
130.53333333333333
167.43333333333334
179.53333333333333
167.56666666666666
161.7
165.1
171.36666666666667
157.23333333333332
152.5
170.2
163.83333333333334
144.96666666666667
147.76666666666668
130.23333333333332
136.13333333333333
151.16666666666666
179.43333333333334
195.16666666666666
200.0
200.0
200.0
200.0
200.0
200.0
200.0
198.4
200.0
200.0
194.96666666666667
200.0
200.0
200.0
198.33333333333334
197.13333333333333
200.0
190.73333333333332
194.73333333333332
200.0
200.0
200.0
196.6
184.93333333333334
196.06666666666666
200.0
200.0
200.0
200.0
200.0
200.0
194.13333333333333
188.73333333333332
200.0
200.0
200.0
200.0
189.73333333333332
200.0
191.0
200.0
200.0
200.0
200.0
200.0
200.0
181.43333333333334
178.5
200.0
200.0
200.0
188.5
194.76666666666668
200.0
200.0
200.0
200.0
200.0
200.0
200.0
200.0
200.0
200.0
200.0
200.0
200.0
180.4
177.26666666666668
190.93333333333334
200.0
200.0
200.0
200.0
200.0
196.1
195.0
189.9
200.0
200.0
200.0
200.0
200.0
200.0
9.4
9.8
10.466666666666667
12.333333333333334
12.1
17.4
22.9
46.6
60.6
70.3
98.36666666666666
115.86666666666666
134.13333333333333
148.66666666666666
155.63333333333333
163.93333333333334
168.36666666666667
174.46666666666667
179.43333333333334
177.03333333333333
182.13333333333333
182.66666666666666
187.36666666666667
192.3
190.66666666666666
195.56666666666666
196.46666666666667
197.33333333333334
200.0
200.0
194.36666666666667
186.0
152.76666666666668
145.03333333333333
148.7
121.36666666666666
143.46666666666667
142.46666666666667
141.53333333333333
125.0
109.26666666666667
116.0
122.26666666666667
149.36666666666667
145.06666666666666
127.93333333333334
144.33333333333334
137.76666666666668
141.9
143.56666666666666
142.06666666666666
147.1
139.36666666666667
144.36666666666667
144.26666666666668
132.4
135.73333333333332
139.63333333333333
172.7
184.43333333333334
187.93333333333334
193.13333333333333
197.3
199.53333333333333
200.0
200.0
200.0
200.0
200.0
196.0
188.63333333333333
200.0
200.0
200.0
200.0
200.0
200.0
200.0
183.1
194.26666666666668
200.0
200.0
200.0
194.66666666666666
179.93333333333334
175.66666666666666
194.26666666666668
196.8
194.83333333333334
200.0
195.63333333333333
200.0
200.0
200.0
200.0
200.0
182.43333333333334
189.63333333333333
200.0
